_target_: uni2ts.data.builder.ConcatDatasetBuilder
_args_:
  - _target_: uni2ts.data.builder.lotsa_v1.BuildingsBenchDatasetBuilder
    datasets: ${cls_getattr:${._target_},dataset_list}
    weight_map:
      bdg-2_panther: 40.069036647372776
      bdg-2_fox: 78.76137356782516
      bdg-2_rat: 77.24149753397461
      bdg-2_bear: 74.50802078734561
    sample_time_series:
      _target_: uni2ts.data.dataset.SampleTimeSeriesType
      _args_: ["proportional"]
  - _target_: uni2ts.data.builder.lotsa_v1.ERA5DatasetBuilder
    datasets: ${cls_getattr:${._target_},dataset_list}
    weight_map:
      era5_1989: 0.01716585268948905
      era5_1990: 0.01716585268948905
      era5_1991: 0.01716585268948905
      era5_1992: 0.01716585268948905
      era5_1993: 0.01716585268948905
      era5_1994: 0.01716585268948905
      era5_1995: 0.01716585268948905
      era5_1996: 0.01716585268948905
      era5_1997: 0.01716585268948905
      era5_1998: 0.01716585268948905
      era5_1999: 0.01716585268948905
      era5_2000: 0.01716585268948905
      era5_2001: 0.01716585268948905
      era5_2002: 0.01716585268948905
      era5_2003: 0.01716585268948905
      era5_2004: 0.01716585268948905
      era5_2005: 0.01716585268948905
      era5_2006: 0.01716585268948905
      era5_2007: 0.01716585268948905
      era5_2008: 0.01716585268948905
      era5_2009: 0.01716585268948905
      era5_2010: 0.01716585268948905
      era5_2011: 0.01716585268948905
      era5_2012: 0.01716585268948905
      era5_2013: 0.01716585268948905
      era5_2014: 0.01716585268948905
      era5_2015: 0.01716585268948905
      era5_2016: 0.01716585268948905
      era5_2017: 0.01716585268948905
      era5_2018: 0.01716585268948905
    sample_time_series:
      _target_: uni2ts.data.dataset.SampleTimeSeriesType
      _args_: ["proportional"]
  - _target_: uni2ts.data.builder.lotsa_v1.GluonTSDatasetBuilder
    datasets: ${cls_getattr:${._target_},dataset_list}
    weight_map:
      m4_hourly: 3.905654946409425
      oikolab_weather: 457.6698173317555
      pedestrian_counts: 216.97560763837362
      traffic_hourly: 79.4794041991723
    sample_time_series:
      _target_: uni2ts.data.dataset.SampleTimeSeriesType
      _args_: ["proportional"]
  - _target_: uni2ts.data.builder.lotsa_v1.LibCityDatasetBuilder
    datasets: ${cls_getattr:${._target_},dataset_list}
    weight_map:
      M_DENSE: 80.13807329474554
    sample_time_series:
      _target_: uni2ts.data.dataset.SampleTimeSeriesType
      _args_: ["proportional"]
  - _target_: uni2ts.data.builder.lotsa_v1.ProEnFoDatasetBuilder
    datasets: ${cls_getattr:${._target_},dataset_list}
    weight_map:
      cockatoo: 80.24785147734109
      covid19_energy: 145.96839012453881
      elf: 99.67858979675201
      gfc12_load: 180.2832203675286
      gfc14_load: 80.13807329474555
      gfc17_load: 80.24785147734109
      hog: 80.2478514773411
      pdb: 80.13807329474555
      spain: 160.38592477208664
    sample_time_series:
      _target_: uni2ts.data.dataset.SampleTimeSeriesType
      _args_: ["proportional"]
