_target_: uni2ts.data.builder.ConcatDatasetBuilder
_args_:
  - _target_: uni2ts.data.builder.lotsa_v1.ERA5DatasetBuilder
    datasets: ${cls_getattr:${._target_},dataset_list}
    weight_map:
      era5_1989: 0.01716585268948905
      era5_1990: 0.01716585268948905
      era5_1991: 0.01716585268948905
      era5_1992: 0.01716585268948905
      era5_1993: 0.01716585268948905
      era5_1994: 0.01716585268948905
      era5_1995: 0.01716585268948905
      era5_1996: 0.01716585268948905
      era5_1997: 0.01716585268948905
      era5_1998: 0.01716585268948905
      era5_1999: 0.01716585268948905
      era5_2000: 0.01716585268948905
      era5_2001: 0.01716585268948905
      era5_2002: 0.01716585268948905
      era5_2003: 0.01716585268948905
      era5_2004: 0.01716585268948905
      era5_2005: 0.01716585268948905
      era5_2006: 0.01716585268948905
      era5_2007: 0.01716585268948905
      era5_2008: 0.01716585268948905
      era5_2009: 0.01716585268948905
      era5_2010: 0.01716585268948905
      era5_2011: 0.01716585268948905
      era5_2012: 0.01716585268948905
      era5_2013: 0.01716585268948905
      era5_2014: 0.01716585268948905
      era5_2015: 0.01716585268948905
      era5_2016: 0.01716585268948905
      era5_2017: 0.01716585268948905
      era5_2018: 0.01716585268948905
    sample_time_series:
      _target_: uni2ts.data.dataset.SampleTimeSeriesType
      _args_: ["proportional"]
  - _target_: uni2ts.data.builder.lotsa_v1.ProEnFoDatasetBuilder
    datasets: ${cls_getattr:${._target_},dataset_list}
    weight_map:
      cockatoo: 80.24785147734109
    sample_time_series:
      _target_: uni2ts.data.dataset.SampleTimeSeriesType
      _args_: ["proportional"]